0553721
0553722
0553723
0553724
0553725
0553726
0553727
0553728
0553729
0553730
0553731
0553732
0553733
0553734
0553735
0553736
0553737
0553738
0553739
0553740
0553808 
0553809 
0553810 
0553811
0553812 
0553813
0553814 
0553815 
0553816 
0553817 
0553818 
0553819 
0553820 
0553821 
0553822 
0553823 
0553824 
0553825
0553826
0553827 
0553828 
0553829 
0553830 
0553831
0553832
0553833
0553834
0553835
0553836
0553837
0553838
0553839 
0553840 
0553841 
0553842 
0553843 
0553844 
0553845 
0553846 
0553847 
0553848 
0553849 
0553850 
0553851 
0553852 
0553853 
0553854